50
10 50
47 15 9 2 20 6 9 23 41 6
4 10 3 21 0 38 20 37 17 10 35 42 7 39 43 25 36 24 6 21 6 37 50 48 10 17 29 4 33 9 31 3 6 24 39 45 34 15 29 11 14 41 15 9 7 42 36 7 2 23
51 55
11 13 17 41 27 38 24 28 19 7 14 17 50 23 46 30 42 26 43 35 0 31 13 12 36 27 1 13 28 40 45 40 9 19 40 17 6 30 46 4 28 44 10 6 38 35 11 9 49 11 0
50 20 19 10 42 8 2 34 0 34 24 18 32 46 28 11 50 1 9 34 0 50 8 3 50 33 17 16 1 9 23 41 48 48 42 6 33 13 3 26 12 40 3 43 41 44 5 5 46 13 0 29 29 30 13
31 93
32 48 46 46 2 31 37 11 28 44 49 3 22 37 8 35 28 24 24 2 36 26 7 47 13 42 30 34 49 42 22
11 48 41 32 3 40 25 40 7 26 32 16 48 44 44 32 18 37 39 17 34 49 14 46 15 8 40 27 46 21 1 8 2 44 47 25 22 20 38 27 11 38 45 41 34 50 7 1 26 29 32 18 8 20 8 31 4 29 3 19 26 27 28 2 3 0 47 27 37 34 37 14 4 50 47 50 44 28 3 20 40 46 29 31 19 42 49 10 31 15 19 45 8
79 61
13 24 14 35 35 4 45 28 4 49 39 17 25 38 20 14 20 5 37 31 34 12 17 39 27 48 49 38 1 34 9 45 32 22 1 27 9 5 0 4 13 40 36 50 23 46 33 50 13 45 33 43 10 46 6 43 50 2 26 45 6 43 3 5 16 40 2 11 6 40 11 40 46 9 19 26 38 17 36
50 18 22 46 41 6 49 36 44 6 5 12 29 4 14 12 30 3 26 12 1 33 2 28 30 49 19 33 26 7 48 28 13 44 10 33 0 32 32 19 43 7 20 47 1 11 17 36 23 23 8 13 22 23 43 0 7 2 3 36 8
97 100
5 28 19 7 15 40 23 21 34 40 27 12 49 8 43 43 23 32 21 38 29 46 14 1 13 40 28 29 45 2 14 9 31 50 29 40 12 8 10 43 45 25 12 42 36 23 17 22 33 20 4 31 3 43 14 31 10 11 25 29 42 17 11 1 41 29 5 0 40 41 17 4 20 4 31 10 32 35 35 31 43 23 39 11 18 19 50 11 9 29 29 42 8 3 26 7 3
23 23 20 29 10 17 25 4 47 19 33 34 5 20 0 40 37 32 29 48 42 50 50 10 18 14 36 4 50 36 9 33 45 42 34 16 13 37 33 48 34 47 20 40 23 41 15 16 22 41 49 46 14 32 41 39 48 41 10 26 25 45 19 9 2 44 33 34 31 34 24 33 3 43 27 43 38 38 6 23 24 24 37 36 16 21 5 17 46 17 8 34 8 50 2 29 27 42 28 7
95 71
37 0 26 9 38 3 31 50 24 9 50 17 15 44 41 10 26 1 43 29 7 5 37 16 22 49 26 13 5 47 34 4 8 14 11 14 8 32 15 45 38 28 47 28 43 11 22 33 19 5 50 28 29 15 39 31 19 8 31 18 48 13 13 29 0 13 24 48 14 33 2 23 45 8 23 28 28 22 45 47 26 32 7 0 7 36 15 2 35 21 28 4 40 2 37
3 47 33 44 41 50 2 13 42 9 9 18 41 19 28 0 44 18 37 17 31 16 4 1 37 9 2 11 4 17 10 32 40 44 10 22 35 27 36 34 23 37 40 6 10 44 12 36 24 37 36 38 29 6 39 36 10 37 18 42 44 28 40 3 14 36 38 2 21 30 11
89 37
43 20 2 11 0 23 48 31 39 11 0 22 37 37 37 0 4 14 41 18 15 16 33 30 35 50 28 31 13 25 21 1 49 24 29 42 11 22 39 4 20 45 38 16 35 46 8 18 23 0 15 29 22 19 12 5 26 36 21 3 3 41 13 23 20 9 23 8 25 18 45 6 15 16 44 14 37 26 32 42 26 25 19 9 48 45 40 34 26
46 38 9 36 8 23 37 5 20 21 20 40 47 43 17 47 50 42 24 34 40 18 35 39 45 17 44 40 45 42 20 2 35 2 16 12 12
61 6
9 21 31 5 14 27 9 39 28 15 3 3 42 27 44 11 47 44 33 26 37 9 1 36 30 17 21 2 45 39 28 4 34 25 32 4 18 1 17 35 45 40 6 38 43 10 15 10 48 26 41 38 31 21 46 12 8 8 5 17 5
12 25 30 10 17 16
83 18
36 41 15 19 29 26 23 20 11 21 45 43 33 11 44 6 47 4 5 5 28 34 21 5 1 46 50 10 6 6 41 6 19 27 0 20 8 23 37 33 6 37 14 39 2 7 43 24 27 34 44 11 23 31 16 28 16 24 7 31 50 30 37 18 25 4 45 49 35 41 33 7 36 9 4 31 47 49 45 15 4 38 34
27 5 39 31 36 7 27 23 8 49 2 17 37 33 39 10 47 11
5 27
32 44 25 20 46
34 18 20 10 35 23 44 4 46 13 30 7 22 47 36 39 15 18 34 42 17 31 27 31 19 8 44
22 73
42 41 10 30 21 14 39 25 7 31 47 42 30 20 43 37 17 40 22 16 35 40
31 17 36 29 44 3 29 42 18 42 41 17 32 11 37 10 42 20 21 40 2 11 29 42 41 5 7 19 2 50 43 1 17 22 11 29 42 48 2 36 39 12 21 4 25 48 47 44 27 7 0 17 17 12 12 24 45 30 5 35 44 38 10 17 24 50 10 27 2 32 6 27 37
24 12
33 24 38 6 49 5 10 39 15 7 33 7 35 45 26 41 0 2 48 20 14 4 5 13
21 3 29 38 50 17 5 43 22 18 15 7
96 98
39 37 22 13 47 32 32 43 37 8 41 0 40 1 37 7 40 40 39 29 31 9 16 50 29 44 5 21 17 5 6 35 43 39 6 46 45 15 25 1 0 24 42 30 0 15 8 45 41 1 20 42 14 20 47 6 38 4 14 17 34 29 7 29 31 25 32 47 46 19 14 20 42 27 31 36 10 38 43 32 0 40 25 34 11 40 3 15 42 32 10 11 10 2 46 11
14 42 11 50 2 15 15 37 36 5 18 10 17 28 44 31 49 19 4 8 15 16 34 5 34 23 15 6 28 10 4 7 20 42 40 23 23 11 31 47 26 30 31 22 31 7 39 41 12 25 49 47 30 21 29 49 2 25 21 42 46 22 50 13 24 48 15 2 31 26 33 23 23 29 26 33 30 19 41 35 32 29 30 20 20 27 19 40 23 46 7 48 22 13 30 18 20 41
65 79
37 12 17 12 10 33 24 44 28 10 24 30 48 39 17 16 49 30 34 3 16 13 12 6 9 42 8 4 37 18 5 1 14 21 7 7 7 37 38 11 30 16 32 16 2 18 17 42 40 48 11 21 14 3 18 5 4 30 3 12 22 42 4 49 19
32 4 7 40 34 40 7 12 31 21 45 21 15 50 41 12 46 5 8 2 3 45 19 9 29 24 9 19 29 9 38 33 18 25 23 6 0 33 19 46 9 1 19 42 0 24 40 13 11 16 43 1 23 6 29 16 4 40 19 10 28 20 15 40 14 48 46 40 42 45 36 36 40 14 7 16 3 1 10
63 18
0 43 22 27 42 45 48 44 32 48 1 5 38 43 27 34 36 13 18 33 12 45 37 6 32 16 36 22 16 20 39 42 12 20 8 35 2 20 33 6 27 41 17 18 29 43 30 49 2 25 46 5 43 31 44 34 25 6 5 24 26 22 38
19 14 43 36 16 36 25 29 38 4 8 47 16 29 2 2 28 29
89 94
4 7 49 48 11 1 2 32 42 15 2 46 18 32 41 11 13 2 18 47 48 35 45 36 45 23 30 40 20 18 6 18 29 28 9 15 2 31 36 17 16 37 37 47 10 10 37 13 4 30 9 49 39 15 8 21 36 0 21 34 30 31 49 13 45 45 49 34 20 13 24 25 7 4 32 10 49 34 26 41 7 30 5 34 10 12 39 2 33
35 49 32 2 45 32 41 44 13 2 9 24 7 22 5 24 41 11 7 28 4 10 22 22 49 28 26 22 0 41 25 28 20 44 4 6 22 28 40 36 43 24 9 14 9 12 20 45 48 22 36 20 18 30 2 18 3 34 37 20 27 13 14 6 8 40 49 47 15 15 45 35 4 32 32 12 22 32 28 25 0 45 34 41 36 45 44 31 15 38 45 6 14 35
95 18
48 48 24 29 11 1 38 23 34 22 36 13 20 35 18 17 21 42 15 7 3 18 31 18 48 38 37 45 27 45 44 38 37 32 34 42 28 49 39 41 29 44 13 11 47 11 50 7 18 2 24 34 22 48 4 49 29 2 3 1 49 47 28 50 19 12 37 22 9 48 0 31 0 37 25 6 36 18 41 29 44 20 42 33 19 36 2 21 50 20 5 42 28 19 17
15 29 45 11 5 34 22 39 27 13 17 2 24 42 10 14 24 3
86 8
25 3 27 21 38 0 42 15 11 2 14 19 3 7 43 27 18 33 25 42 45 22 15 15 17 20 28 11 35 37 19 20 1 45 12 35 26 19 35 3 35 39 48 1 14 7 37 4 1 19 37 31 34 27 29 7 32 40 26 39 6 15 12 46 30 49 32 41 24 42 39 22 1 38 27 32 46 37 40 41 36 31 9 44 30 42
33 35 49 33 4 49 32 25
40 3
48 11 49 11 30 45 35 11 34 25 46 29 31 46 17 23 32 3 43 35 36 42 47 35 42 25 16 39 31 17 42 44 40 7 40 2 48 13 42 10
32 50 43
22 9
12 5 37 45 43 44 21 25 34 24 32 42 19 28 34 43 6 26 23 45 50 31
7 15 37 33 6 39 14 33 19
59 74
34 27 0 41 33 12 4 24 40 33 2 46 35 13 45 38 38 1 33 13 23 9 18 31 23 25 28 12 4 23 16 23 41 41 45 7 20 44 19 22 2 43 33 30 45 2 4 38 2 8 14 31 9 9 34 48 46 5 1
18 20 37 40 9 6 0 7 2 38 22 18 37 4 28 21 2 25 30 11 48 4 42 0 36 2 46 44 27 4 45 13 13 39 34 46 43 6 8 26 49 32 50 10 21 50 31 20 14 35 30 34 22 1 23 16 47 33 0 29 35 39 7 39 13 18 18 40 47 42 13 50 30 48
7 65
15 7 12 36 33 46 0
3 6 22 26 26 15 37 10 13 44 12 2 28 15 46 9 36 48 15 5 6 20 19 40 8 23 13 31 23 38 44 1 12 37 5 8 31 4 23 39 38 49 50 44 28 34 33 18 40 40 8 48 36 24 14 45 0 49 11 34 20 41 46 5 40
50 38
9 17 22 32 1 43 3 36 38 34 7 6 40 22 23 19 6 46 5 3 17 18 1 11 34 10 34 43 14 47 9 14 10 11 12 6 32 2 14 45 20 9 35 41 44 24 49 43 49 45
16 50 45 23 14 21 38 49 11 5 38 42 28 48 7 31 34 0 14 16 24 38 26 25 42 3 31 11 30 22 32 46 41 34 21 25 3 33
31 81
35 40 46 10 4 5 24 26 10 24 15 48 4 36 2 23 5 44 3 18 48 41 49 28 18 5 21 4 28 45 26
7 19 13 11 12 39 31 3 6 50 16 7 16 13 22 49 7 41 16 1 18 15 48 23 28 16 2 27 47 19 9 19 34 32 7 47 19 39 34 1 42 16 33 37 31 40 22 15 6 4 11 25 26 19 33 26 20 9 37 5 21 26 45 5 46 13 21 33 40 20 7 42 13 31 20 4 27 44 44 50 20
94 14
27 1 27 23 21 33 44 10 46 10 42 27 30 9 41 34 38 21 28 43 1 10 6 20 34 37 32 9 9 17 22 32 27 25 22 12 11 24 40 16 40 16 17 20 41 21 13 43 9 46 22 22 19 13 30 18 47 41 25 21 44 35 43 1 15 38 1 48 18 20 36 33 0 48 29 0 30 3 8 34 45 49 21 35 21 19 40 10 36 6 29 4 35 40
37 32 24 43 7 12 46 40 2 18 17 25 5 1
90 6
38 38 45 47 11 14 1 17 41 49 22 1 18 1 23 26 40 47 19 28 16 40 47 26 15 9 2 13 40 12 45 17 33 6 13 1 49 2 35 37 14 13 33 24 44 18 47 33 11 22 12 1 27 27 12 16 49 35 49 48 4 36 16 23 34 8 2 10 48 18 44 9 48 20 46 44 37 41 23 25 41 15 44 49 11 39 3 47 33 33
28 29 12 6 45 4
62 81
30 18 29 35 43 28 20 48 19 39 8 43 41 1 16 50 46 7 25 16 21 25 10 50 12 42 37 6 26 18 11 45 45 28 15 23 28 28 25 12 11 43 10 25 23 30 50 27 6 43 4 7 3 37 10 38 22 12 3 44 1 17
39 12 36 1 19 35 50 22 48 32 38 23 39 44 22 20 15 27 17 17 28 39 44 50 37 3 27 0 27 46 31 31 38 20 15 37 21 37 33 7 32 5 2 29 46 19 3 13 28 17 31 35 39 3 50 28 4 17 22 16 37 23 48 4 18 36 10 10 36 18 12 9 12 3 49 24 26 6 39 16 43
97 43
11 24 47 7 37 42 7 50 30 2 13 45 50 10 36 5 19 0 39 31 35 36 21 8 0 28 34 36 27 6 32 17 31 22 42 19 45 43 39 33 27 29 28 24 35 47 10 1 42 19 5 46 14 2 6 44 16 14 12 19 46 13 36 47 48 9 17 40 8 41 4 40 34 20 32 1 41 20 8 32 44 30 48 36 15 18 12 6 49 0 6 27 6 21 38 48 39
20 35 24 43 28 38 27 33 17 16 13 40 47 47 2 24 50 45 43 14 22 43 4 11 30 47 9 29 15 19 28 0 39 5 10 2 14 34 24 15 28 22 16
42 50
43 39 13 41 31 21 16 3 48 7 44 9 12 31 39 2 45 48 2 39 11 45 28 31 50 26 10 37 33 44 24 17 24 20 6 39 7 10 4 35 32 18
45 25 7 48 35 15 34 18 43 15 0 25 8 46 2 22 50 29 3 42 47 9 7 2 4 25 2 4 25 39 4 40 24 7 10 18 23 5 33 20 39 28 26 19 9 4 35 0 41 22
34 4
30 25 18 9 6 19 48 24 31 21 28 13 21 28 14 17 41 37 21 47 18 40 17 3 14 23 44 40 44 10 21 31 2 1
10 10 33 22
23 14
14 18 42 25 44 37 31 43 9 12 4 40 25 5 18 4 42 49 34 20 12 15 13
23 3 22 32 49 47 6 2 15 38 48 49 0 14
47 33
38 8 28 31 13 8 41 31 38 16 29 12 47 4 10 49 46 10 28 19 32 24 7 42 20 40 38 26 6 48 20 35 12 12 38 2 45 19 35 1 50 21 21 47 31 10 4
35 25 42 43 28 35 7 28 28 16 33 25 23 47 13 30 3 46 38 19 9 43 20 40 1 40 9 33 44 3 17 29 5
45 37
30 34 36 0 8 15 3 18 6 31 28 49 1 33 34 2 3 44 29 35 11 6 16 47 3 4 4 7 40 25 2 50 46 29 13 14 47 22 17 31 2 26 36 23 48
41 32 24 18 42 45 1 9 38 36 19 21 50 39 46 8 10 44 6 25 12 7 27 38 5 34 14 29 45 5 22 46 37 40 20 31 33
25 93
18 5 0 0 50 28 33 29 44 47 13 39 16 24 3 35 26 24 14 40 49 20 39 0 3
8 31 42 31 33 39 10 23 11 36 0 48 39 2 35 38 32 25 12 32 4 14 50 30 27 40 30 28 0 14 32 6 42 48 17 7 41 40 47 0 41 29 20 50 45 30 20 11 5 35 46 4 49 49 23 12 4 18 11 50 37 44 28 27 11 41 6 32 33 37 38 50 19 21 49 22 3 43 10 17 13 24 10 16 37 10 1 6 46 7 5 20 1
87 47
5 32 0 16 37 23 32 12 40 32 18 14 45 16 20 5 37 39 28 18 38 27 32 28 12 44 17 9 32 35 18 2 42 19 30 3 24 32 23 32 49 47 41 11 7 45 24 38 35 15 5 32 46 32 2 43 39 25 1 14 30 13 11 30 47 14 26 37 33 15 32 12 25 23 8 17 4 49 24 36 11 1 7 30 15 40 37
2 42 13 41 42 31 36 7 11 4 8 8 29 4 8 30 3 44 49 35 39 38 23 20 49 16 12 5 33 29 48 14 0 12 43 29 36 37 8 30 14 34 7 24 47 16 25
100 82
2 18 26 47 3 32 46 44 17 9 42 23 1 26 46 44 41 45 10 34 44 15 21 18 10 16 4 27 21 42 50 48 12 33 26 37 8 37 31 9 3 42 50 48 28 26 9 4 42 27 46 50 28 47 6 1 16 21 45 37 49 42 24 46 42 38 44 38 28 9 36 45 3 29 14 13 39 0 26 16 42 33 44 16 27 21 21 22 34 3 24 5 17 41 35 12 12 47 46 42
4 9 3 25 39 31 1 37 3 28 11 1 16 45 0 9 8 30 49 29 32 39 22 17 48 21 20 21 49 49 38 30 48 24 50 37 14 1 37 43 2 24 33 42 39 1 24 21 36 39 16 10 32 39 35 30 50 34 48 12 35 50 19 20 18 33 12 39 50 46 0 5 30 16 7 11 35 0 43 27 23 21
66 83
50 42 22 40 40 21 39 21 24 41 16 29 48 17 17 19 24 44 6 13 12 36 27 47 41 36 26 34 41 20 38 43 50 7 47 1 34 25 45 15 28 35 49 38 45 21 38 25 47 40 18 20 6 24 14 7 39 48 3 44 36 3 3 44 21 17
4 49 50 29 0 36 12 48 19 43 21 11 7 6 9 39 38 15 12 2 10 28 5 44 49 21 27 10 23 11 8 38 8 23 31 39 8 28 28 49 13 17 37 14 13 7 34 44 43 12 50 33 30 20 18 1 43 16 34 10 11 36 12 41 47 16 16 25 6 32 13 17 23 47 6 11 12 5 0 13 40 5 0
99 21
31 5 26 37 7 20 48 2 15 35 5 31 6 9 37 11 38 13 40 25 31 44 26 47 40 34 4 28 15 27 42 44 8 11 8 0 13 24 18 11 10 45 33 15 7 9 49 44 4 35 14 22 12 35 4 48 35 46 37 43 29 48 41 45 2 34 6 47 30 10 17 0 9 7 25 13 19 28 48 41 3 49 40 15 21 50 22 42 27 26 29 23 44 30 40 33 29 5 33
45 18 32 38 3 38 30 25 23 14 27 27 46 46 49 13 5 8 34 46 31
67 63
43 41 19 48 24 34 26 26 41 27 44 19 42 26 35 45 13 12 5 22 11 5 33 37 14 27 36 11 25 2 27 27 44 8 46 8 42 17 47 28 47 10 32 16 28 47 3 26 38 49 10 18 35 42 3 11 9 1 31 22 47 8 8 34 0 14 27
44 39 0 17 27 40 30 42 16 14 25 11 41 33 12 48 40 46 31 3 20 49 5 21 13 48 49 28 36 29 8 30 2 48 19 19 6 1 28 11 17 23 36 14 33 17 18 1 9 24 38 39 34 44 10 45 13 26 19 39 50 47 26
89 29
43 25 0 6 12 24 7 25 35 32 19 27 6 12 17 21 7 8 42 2 3 17 37 33 4 41 9 35 24 32 1 30 35 50 44 4 49 9 13 43 49 20 21 16 33 41 36 16 10 2 30 24 3 42 4 23 9 33 29 44 20 2 19 41 30 0 49 35 30 15 24 29 34 21 34 6 3 33 43 29 24 50 42 14 8 34 35 17 12
23 7 17 32 50 22 10 18 6 49 4 49 3 36 0 8 13 25 45 37 36 28 30 33 28 16 16 9 2
95 75
37 20 1 19 2 35 33 25 22 49 39 30 7 20 48 2 15 49 19 40 39 39 39 46 19 16 17 32 22 19 29 2 18 47 43 39 9 22 36 9 20 47 28 10 8 1 47 47 4 7 23 26 30 39 43 44 23 5 35 9 28 14 11 19 42 50 36 8 25 5 50 46 8 22 49 36 35 3 10 7 5 12 6 28 27 20 23 25 35 2 35 3 8 44 23
1 47 41 48 14 6 21 17 1 34 34 23 35 45 48 3 3 46 44 35 47 23 44 24 40 22 23 38 21 4 40 41 10 50 31 42 21 46 36 25 31 32 1 12 30 40 46 19 19 45 15 50 13 14 24 9 0 33 49 1 14 37 39 16 42 39 43 30 7 31 21 42 33 21 33
68 38
33 48 6 14 10 44 19 31 36 3 39 18 15 9 5 34 31 3 22 23 36 49 25 46 3 43 27 0 15 31 50 2 46 31 5 16 3 24 22 16 46 32 43 26 24 12 19 30 25 46 18 46 9 28 26 29 4 33 7 14 2 40 47 34 45 6 6 46
34 6 14 8 38 43 15 20 25 46 31 16 48 35 2 4 13 23 6 48 18 42 2 30 38 21 48 0 50 33 49 26 39 18 32 43 11 5
77 79
24 41 3 15 25 45 2 20 33 17 18 44 33 15 30 3 31 13 41 7 10 26 42 10 10 44 30 45 32 20 5 47 21 4 22 14 36 45 43 23 8 47 44 10 30 49 39 2 20 39 38 47 30 22 37 24 12 12 18 11 15 14 1 43 41 46 35 43 21 13 41 36 24 28 50 50 20
12 18 37 25 6 6 0 46 7 21 33 22 37 9 10 43 34 14 4 3 14 10 36 18 35 38 25 17 22 6 47 34 17 7 26 28 11 6 27 50 20 11 26 20 40 39 13 5 38 40 20 50 8 9 23 39 24 25 18 31 10 25 29 49 27 12 17 16 35 32 28 48 22 42 4 3 28 45 41
61 88
37 7 27 36 1 47 23 1 18 0 28 43 21 46 39 3 18 44 15 46 21 25 1 12 28 5 42 24 26 22 4 29 30 11 27 29 23 16 9 13 50 14 0 36 14 4 8 13 1 1 17 18 3 3 16 44 38 43 38 28 26
12 34 1 0 10 22 29 25 2 16 22 42 41 12 40 31 36 33 16 26 33 10 17 1 21 35 19 25 13 25 4 33 20 44 14 3 14 13 37 46 0 25 9 12 13 16 4 34 1 26 11 9 10 24 4 34 9 6 34 40 36 39 43 46 20 22 4 20 5 19 31 36 38 32 8 33 37 47 28 28 14 33 39 0 35 48 28 16
20 93
24 14 30 17 29 8 50 28 30 20 26 45 0 45 34 16 3 29 45 21
13 6 49 42 9 29 44 12 5 26 0 39 10 36 1 15 10 45 17 23 37 36 46 26 32 19 24 28 39 15 5 48 0 26 9 15 35 48 24 17 40 41 49 25 17 15 10 46 29 48 41 8 36 13 30 31 38 31 17 41 29 46 5 0 24 9 49 26 37 6 21 13 27 27 26 49 8 11 24 39 35 35 4 49 29 9 15 13 33 0 19 27 20
53 58
30 17 14 8 47 32 15 29 7 18 28 39 17 47 49 0 43 38 5 44 28 24 30 7 33 38 42 22 0 1 28 8 22 36 46 14 17 11 45 46 49 21 12 41 46 16 43 5 11 46 15 43 18
27 17 2 40 0 48 45 16 50 19 14 36 8 19 6 11 28 46 10 31 34 22 17 16 16 33 46 33 17 8 41 29 4 1 24 47 28 38 8 46 32 5 19 35 50 44 14 27 9 16 11 41 5 7 28 37 13 42
24 11
12 11 12 5 4 15 46 17 9 49 16 20 4 15 15 15 41 42 11 37 24 8 15 16
35 31 3 49 44 7 33 27 26 9 31
80 28
50 24 46 39 2 10 16 8 3 23 25 44 31 43 22 26 29 17 24 23 26 3 4 12 30 48 30 5 9 26 50 35 5 1 6 0 12 19 14 37 34 28 46 2 4 22 37 18 12 47 47 46 1 25 28 40 45 42 10 30 27 37 15 42 28 34 20 4 40 1 29 0 43 38 37 22 23 5 43 23
38 3 15 19 31 39 14 30 27 42 18 37 1 11 36 40 35 12 30 26 25 22 5 12 17 21 10 50
84 63
25 36 34 43 12 31 33 21 45 13 46 46 24 29 49 46 33 17 13 0 23 43 32 29 3 20 47 29 19 41 43 20 7 5 21 34 21 44 1 27 37 31 35 47 7 40 39 33 24 25 3 36 33 23 10 18 44 32 9 21 50 43 43 45 25 7 50 13 9 33 21 6 46 19 24 13 15 13 28 21 49 42 34 22
21 13 26 12 38 39 47 9 48 25 0 27 13 16 20 27 12 37 7 4 12 7 6 9 28 45 35 10 25 12 41 45 43 33 39 33 27 40 23 14 15 28 34 48 43 26 20 2 13 11 45 9 21 35 14 47 16 16 27 14 38 45 42
46 32
14 33 39 26 35 39 5 20 23 12 14 6 34 32 30 5 6 29 33 24 19 42 22 50 41 4 4 41 15 14 4 17 2 12 33 6 36 13 4 5 22 0 38 41 26 17
40 15 35 15 29 42 17 40 12 9 13 23 40 37 6 16 45 19 1 27 11 42 45 29 17 32 13 14 22 47 11 15